After initBoard()
0 0 0 0 0 0 0 0 0 
0 0 0 0 0 0 0 0 0 
0 0 0 0 0 0 0 0 0 
0 0 0 0 0 0 0 0 0 
0 0 0 0 0 0 0 0 0 
0 0 0 0 0 0 0 0 0 
0 0 0 0 0 0 0 0 0 
0 0 0 0 0 0 0 0 0 
0 0 0 0 0 0 0 0 0 


After readInBoard()
8 6 9 1 0 0 3 2 0 
5 0 0 0 9 3 7 8 6 
0 0 2 0 0 5 4 1 9 
9 8 0 0 0 4 0 7 2 
6 2 7 9 3 0 0 0 0 
1 0 0 6 7 2 8 9 0 
0 0 0 7 0 1 2 0 8 
2 3 5 4 0 0 1 6 7 
0 0 8 3 0 6 0 5 0 



After solve()
8 6 9 1 4 7 3 2 5 
5 4 1 2 9 3 7 8 6 
3 7 2 8 6 5 4 1 9 
9 8 3 5 1 4 6 7 2 
6 2 7 9 3 8 5 4 1 
1 5 4 6 7 2 8 9 3 
4 9 6 7 5 1 2 3 8 
2 3 5 4 8 9 1 6 7 
7 1 8 3 2 6 9 5 4 


